16
0.000000000000000000e+00 5.882329470541407979e+00 5.421475813835194835e+00 3.348193542792891275e+00 1.096685916751008882e+01 8.258044562727912208e+00 7.312215806443354005e+00 7.202777242147631043e-01 1.170822360565427545e+01 7.931065502188215710e+00 2.572085729519916697e+01 5.294997639281816326e+00 5.070798753648188217e+00 5.300509409481320766e+00 6.691225597751133236e+00 1.412090648648308022e+00
5.882329470541407979e+00 0.000000000000000000e+00 1.291897828777493151e+00 4.487426879627121501e+00 1.675590045327317057e+01 1.410396043670003863e+01 1.309061113928604847e+01 6.066844319743168512e+00 1.713061878625521217e+01 1.319734821848692263e+01 3.155360042847725310e+01 1.107476410583990578e+01 1.089295184970538521e+01 1.117157106229915975e+01 1.251380437756639807e+01 6.593345129750148637e+00
5.421475813835194835e+00 1.291897828777493151e+00 0.000000000000000000e+00 4.830113870293332390e+00 1.638825188969220292e+01 1.346836664187606658e+01 1.239611632730187196e+01 5.749434754825902161e+00 1.623383195675007329e+01 1.228515364169288659e+01 3.085694897425862138e+01 1.040212478294699139e+01 1.025714385196971001e+01 1.059834892801704420e+01 1.211217982032961693e+01 5.883672322623008100e+00
3.348193542792891275e+00 4.487426879627121501e+00 4.830113870293332390e+00 0.000000000000000000e+00 1.288350883882182352e+01 1.100703865715025209e+01 1.024039550017478817e+01 2.961418578992171646e+00 1.487485462113832035e+01 1.120325845457472447e+01 2.833057182620922987e+01 8.290006031360894312e+00 7.996561761157105153e+00 8.047670470390796638e+00 8.833623265682096104e+00 4.720550815318062199e+00
1.096685916751008882e+01 1.675590045327317057e+01 1.638825188969220292e+01 1.288350883882182352e+01 0.000000000000000000e+00 4.401011247429395645e+00 5.568527633046283398e+00 1.069259556889720209e+01 7.882645495009907854e+00 8.089264490669103580e+00 1.596316071459533958e+01 6.779985250721423107e+00 6.704103221162396764e+00 6.138224498989917066e+00 4.281179743949093286e+00 1.076730235481478459e+01
8.258044562727912208e+00 1.410396043670003863e+01 1.346836664187606658e+01 1.100703865715025209e+01 4.401011247429395645e+00 0.000000000000000000e+00 1.259364919314492903e+00 8.250096969127092450e+00 4.797603568449560818e+00 3.711024117410179013e+00 1.746282909496625635e+01 3.077612711177285743e+00 3.214607285501605016e+00 2.980419433569712506e+00 2.970151511286925228e+00 7.586626391222911714e+00
7.312215806443354005e+00 1.309061113928604847e+01 1.239611632730187196e+01 1.024039550017478817e+01 5.568527633046283398e+00 1.259364919314492903e+00 0.000000000000000000e+00 7.385045700603349417e+00 4.896549805730558091e+00 2.750654467576762130e+00 1.846883862076877136e+01 2.020618717126020591e+00 2.256213642366343475e+00 2.252043516453447580e+00 3.170015772831422218e+00 6.518136236686065565e+00
7.202777242147631043e-01 6.066844319743168512e+00 5.749434754825902161e+00 2.961418578992171646e+00 1.069259556889720209e+01 8.250096969127092450e+00 7.385045700603349417e+00 0.000000000000000000e+00 1.193145841881871583e+01 8.242244839847939986e+00 2.569038925357107672e+01 5.394311818944099279e+00 5.128840024800930486e+00 5.270009487657494773e+00 6.447891128113131032e+00 2.039607805437111843e+00
1.170822360565427545e+01 1.713061878625521217e+01 1.623383195675007329e+01 1.487485462113832035e+01 7.882645495009907854e+00 4.797603568449560818e+00 4.896549805730558091e+00 1.193145841881871583e+01 0.000000000000000000e+00 3.950455669919611612e+00 1.520850419995339031e+01 6.631628759211420032e+00 6.967704069490896046e+00 7.119220462943959049e+00 7.758608122595183509e+00 1.062584114317544071e+01
7.931065502188215710e+00 1.319734821848692263e+01 1.228515364169288659e+01 1.120325845457472447e+01 8.089264490669103580e+00 3.711024117410179013e+00 2.750654467576762130e+00 8.242244839847939986e+00 3.950455669919611612e+00 0.000000000000000000e+00 1.895615203568488027e+01 3.408284025723210764e+00 3.796103265191822285e+00 4.229657196511322326e+00 5.820249135561122777e+00 6.756937175969595977e+00
2.572085729519916697e+01 3.155360042847725310e+01 3.085694897425862138e+01 2.833057182620922987e+01 1.596316071459533958e+01 1.746282909496625635e+01 1.846883862076877136e+01 2.569038925357107672e+01 1.520850419995339031e+01 1.895615203568488027e+01 0.000000000000000000e+00 2.047993408192516540e+01 2.066394202469605901e+01 2.043010768449348902e+01 1.953890989794466648e+01 2.498622220344644518e+01
5.294997639281816326e+00 1.107476410583990578e+01 1.040212478294699139e+01 8.290006031360894312e+00 6.779985250721423107e+00 3.077612711177285743e+00 2.020618717126020591e+00 5.394311818944099279e+00 6.631628759211420032e+00 3.408284025723210764e+00 2.047993408192516540e+01 0.000000000000000000e+00 3.883297567789515958e-01 9.608329719571458982e-01 3.088122406900345229e+00 4.518517455980443742e+00
5.070798753648188217e+00 1.089295184970538521e+01 1.025714385196971001e+01 7.996561761157105153e+00 6.704103221162396764e+00 3.214607285501605016e+00 2.256213642366343475e+00 5.128840024800930486e+00 6.967704069490896046e+00 3.796103265191822285e+00 2.066394202469605901e+01 3.883297567789515958e-01 0.000000000000000000e+00 6.648308055437869291e-01 2.852455082906649508e+00 4.380433768475445966e+00
5.300509409481320766e+00 1.117157106229915975e+01 1.059834892801704420e+01 8.047670470390796638e+00 6.138224498989917066e+00 2.980419433569712506e+00 2.252043516453447580e+00 5.270009487657494773e+00 7.119220462943959049e+00 4.229657196511322326e+00 2.043010768449348902e+01 9.608329719571458982e-01 6.648308055437869291e-01 0.000000000000000000e+00 2.191551961510377566e+00 4.763884969224172927e+00
6.691225597751133236e+00 1.251380437756639807e+01 1.211217982032961693e+01 8.833623265682096104e+00 4.281179743949093286e+00 2.970151511286925228e+00 3.170015772831422218e+00 6.447891128113131032e+00 7.758608122595183509e+00 5.820249135561122777e+00 1.953890989794466648e+01 3.088122406900345229e+00 2.852455082906649508e+00 2.191551961510377566e+00 0.000000000000000000e+00 6.514176847461232711e+00
1.412090648648308022e+00 6.593345129750148637e+00 5.883672322623008100e+00 4.720550815318062199e+00 1.076730235481478459e+01 7.586626391222911714e+00 6.518136236686065565e+00 2.039607805437111843e+00 1.062584114317544071e+01 6.756937175969595977e+00 2.498622220344644518e+01 4.518517455980443742e+00 4.380433768475445966e+00 4.763884969224172927e+00 6.514176847461232711e+00 0.000000000000000000e+00
